parameter_blackboard:
  ros__parameters:
    cam_model: "RationalPolynomial"
    cam_width: 1280
    cam_height: 1024
    scale: 0.5625
    cam_fx: 1023.9491577148438
    cam_fy: 1023.9491577148438
    cam_cx: 654.52294921875
    cam_cy: 346.38995361328125
    k1: 36.78335189819336
    k2: -273.5762939453125
    k3: 711.198974609375
    k4: 36.21692657470703
    k5: -270.2464904785156
    k6: 701.9930419921875
    p1: 0.0005355329485610127
    p2: -9.484394104219973e-05
